$ANSIBLE_VAULT;1.1;AES256
32356265373838323861383964383435623138633336633863366438386363356532386639393632
3438356530346635383436623765303936333564643737370a626664306438666138633039616366
61316466396434366639613735313030633832653265303638363538383466613263356664666631
3435643566323261610a383561346164613233323165393230343238303338376566386466353761
65643364643939323837326364323039323938383635393266663861653565366231636338366262
36393963343934666164666639333766363364363362323563323364366433656562356263353530
33393935386436626234346364613236393935656433386633626632623330653830646536313361
34313166333635313936316332626339616231353864373761343634373936643732646363326433
30333933383839366661666165376231323338633766393139326632623838343336383966666332
32343232643663333961653063316266393632626333643330346138623361393062356135366635
30386332306566656633666232386661633736366665343065666336343034313166643230333964
35393365386632383435666663323363623239343462616432663936363038333864343737346231
37303264313933646163613430363565343738323234333565396530303263303431303733643037
34373532323561646430643339303162366365643565323134376262383061666635356537356332
30653234386433373731316561613766363037656561323434363434363065326331616264316133
32363930633632326134366331313030383065376463363937316662333163613661643964663430
62663562653039313432383464316434353935383433373561313066666231633938386664633835
38353363626366663761323564306332316232613933343664613965386164333135623432326433
38313134623133666134663835363634373836343936653833613665613536356161343637316134
62653561363961663365303935386437303637363662343336363037626137653736356338336631
64393034346263303432346431363436343836646131623335303536636438663339356464636433
35643863653435636465663031326437386633353133313265393066613136333731366164396265
39613664396665356163306538343331313666616234383432616538303333613839323236613936
65616436313636643431316663383563306231343034396435383930323536663166653936656165
33303963613363306338353264306565346266393664373834356234303334653964393263653961
36343335623537366565326630373134336231626131326132356232336431653339646336323163
37633538313532613665376664666662646630366634366435633232663134306238633461303735
63383931363161633263663062336134383432363937323063626563633262393533323835626464
64623639383338326634633539346236393862643632646233663937393833346534343661656631
33636330353730346634623462376135366662633561303363643165643839353437616431366330
38396237616538373430623865386338366166386465643865383830303964656265663161346632
30326138326339303337343166356536333961326566663131393261353239613231343538393563
31623361316461653536343833396637643939393033373036373438363534326334343462663963
35343832346266326161333139346266386462366464663634393134363164396235313962363465
32306466666438343062616362346662376565353562653339636136366566336530646235323364
33316333383738353462623539613166613037623538656266343932363331656235386237303434
39333837323632313539663039333966353735643464666261396139623036313130666233346431
33336534313636383362346632393666386434366237333662383731393961396536396536393434
34326337353233393438323630663630613533326339373436306562656565343765313933326533
39626234333839336235346334653239393535333531663830393361303262616662643265633738
33376431353333643062613066636330636534663766323936643830303964613762633831383661
65373833646564646266386136636135323361313262366131333166653339396236366137336263
38633038363139396634616535623630386364616137306533323839346661373630643132383131
34313165363033623431313833336263313361376562333430316337303665376239393062643736
35366536313634653666623031303333626563393639323936636239303265643762646363356138
36663066343766376466663032666338383136336264386431303834373734316137323639646536
39383365616264316539356135313331326633623136346130373435306235613263303434626136
61663066356363663361323434386339383462616438663936646337663732363962346565353962
35303363303630343961643338333737383366656163616231626439613330373162636436393862
30383564346165386338366137336531653631626263343934653363346435633238376439376539
33653939653731623336336264623538333034346531333464663132396630646162643562663861
64613637353065336139633764393061393638323434623730383234363664333562343636323362
63306238393831373438623632613338663939303636323634353564373061323532623630613339
33383238366231333235326164346637313031613236373637623362663230393464666439653561
36373166613531383063373562666464353538626463623762333232346566393136643433353232
63303234383539623564666639396663383030343462396466346235376639656365663137663432
32386465316136393139663935616639393735646466646662646639623332326331353431326130
38623564303830666439363839643430353535633739303431303432626632313032313562363163
61393231663630366663323338326430613535373532363230316266666339303930396266396330
39303937393961643038656133643136343939336262363331396231313336653837636436376235
62636666306666616264363737613532313831383331643763343164323333653535353262363836
35313930383265643962646539626438623936386666663632363861376433363961346331383633
39666537613334356166633030353661623634333837303631336466333638643964363266363666
30623163616335666433376137373435366332613036653165356362623831623538336331323334
31313335363262666330636539353661366136393137363333303539316630313365383765633466
63313436623966653137663865656564373239396639666561386237316133346430333136363330
39313731353633653437653037333563643238636430626532643362653166343633363435373865
61306131373162306165313862393930613963313839353862313764323034363163633936383737
37653837323265373761366533343531346436353462316333353565316363656535623165303632
32373534393636633332323232323761313365366337343061366530303663373432663331663461
63373962303233653962303230376165363935303838656161373064336234336161326131623031
39666339613039626364393164343864333332633162353638333831363730616264383066393639
62303561323763326132346662373666656462623766396165393164663464303436323136336233
36663830353630643564343137363661646461356466653263396161353037613136633864386533
36383832383033343936613463643366623865323164643462316638373536343137356137633937
35613932316130363839656135383437326532323362396134386562646330613061623939326235
66386663633230636136353531613531313964366533306566363430363361623833363432613430
65383236613462363966303132626663633633653234353136373763626333646433316531633732
63373763326236646463393633623762633865303165613539336261373033373862393933383437
65626162366634363737366263356239613265656137323965616163653530316633383635626533
30636535376663636161653465636262326139643766313433633961663666366231383763376463
36653662323664393064316137646232646130633634396561323630616261663237323561633335
32353931633664353037613266653431373037633531336161353633313139636636353939616339
62653036623966636261303162336264623963653032666134353039653338643265626265373765
39646435633864313061323330333238656233626431656463663736323864326231666635626536
64383561653032373464643331333564323031383665623333373265353862376562313131633837
38663762353066633338316531316138613537326430346335656462633436666236343733633733
39383264336633333638393066313332353461356163356532643530646233316365383962373533
34643030653038643030613630356162383734323437353339653532336534656662343833656164
30393264303463356538643134326131363136623862323137303538373338313965663439393638
65383936626537393238333732626538623431333766373234366330333835353730366533323836
39323236616166376138633632323635616136346530373462633835613562343163343432376234
33326138316266366364366436336230303234666639383835383131373434646535343562656437
62353032356161656634393330326137313863393338633433313739613934623835623535666234
35646435363833346232303763633031366536386530663365626436646330656161623664393735
36646662373765626662353135396333316165633430643633633266383336643664313962333933
37313864313564373331643563313565326136663933643038303735636261653961323363396362
62333366656465396562633463663239323666383532323134383161373163633133336332653934
36383630376535653064636232623064306633323161643133336139616333643065393030336164
63303836393136393239653635346636386131326661333635633536366432386439386361323931
65633336653463323163663965626563373336356235616331313036383862373234633166313061
30656439373261656138396231343365646138343363646163376430653235376462363936663732
63383038656465636337643561616365616334396230646232633031373166626661323939636633
62326330316130313734326265626265376166666661346332343365383566623136353062663864
63616536393338623862613166616131396665383963376362613666353561623561313738396264
34666265356438343436613731326338616636303534633537326663313064313138653734666161
65336431366636346339336266363037663761363261316264343233633635383132363966643837
33303936313037353837646666343239333539376464373737383636346539623638653063313839
38613037326332343963623236333934323833653863666138323434633636366238343934396662
38316463616235613435356434653030373232613538643935653563366530313336656435363036
37383762626631353431636136663832663636623465306365396539356538303963363264306135
34303938626636306539363163346538366635396531623464383862323035663636623061306237
61656533653265636163393136323932623838346439313839613963643966323039646661333865
32376361396635376230613936316433316533353430326264323933663235626430343434313863
61633733623533656331363137313964336134313130613561666336616365656534313330623762
32666638323164396135666338626135323764316539333538653062343939643834653033643164
35633831656166303034656564666631383561343136323834356264396338623631633534646464
33363332383964303832626230653466653737373930623939373735386634633065376235663631
37366564363238323162646530633839356136636436633463633234633964633966393832363465
38343430643238333034663562383335323466373966666331376139383961323634383865396265
39666135353639656530356337633266633362663934383135626630613337366533313234376630
32326265323638623161386336303961653036626131383034633062653361376435623835343239
63383462363666653131366133313063656461633938343932323965613535396338643034326535
65373136616163643463623731653132333435643532346134623866393438663166326266386366
65383338386166656330666239326436313931363130333861363331356539346331363461666230
34353363653566366334633535386637343237656633666663663734393330653030356533363166
64366436613130623661376531353564313233366263376264363964313236393561646433656132
63613432656235303732626363393766333162656365323638386334333164653936343037656130
63303930636361323834343230396462313131623466653735303766326366346337373230653139
63376236316638353164383733616235363966313436666535356637616465626463383265373864
35343536323565626261623331353862353762373834663032616334326538303534356362653937
66333038373631313264323165343835343838666166353765353764383130343261396166666336
61383537656533393032633034663133643339366137656363323561656334616436
