$ANSIBLE_VAULT;1.1;AES256
32666265613961326237643133666437643465356462616466356332353966353231633663623264
3934333935633935306536613465306264633561326562610a363833386235653537636561626665
34626634396364623063393731663237383235383066366638383063633330653939343833393135
3538346139343162350a626163613964616237666561383664333066626137363233343065653330
39376438313866626266663561663435613961626630623364333831333637303864383934333037
39643233333932323736393337343732303839373831323731363435656135313438633561316136
36643439376466636139353334633866313635396138386438303637656365353333373062636264
38633033613339316534663932636137353035643431303761383763383435363037343532366336
62623364656663633836356365303339626437323137326236313039663330303565386537363932
38666532363761616538313464643166653065633336306132373430383365316338643932373636
39663662336132396430393738623736333234323865663737323737333863626639646230663231
31326635623432663336366161313233363230663066303138633438373562333866393263646133
33303531383062343535363137653734353539393533643232393538663736383334393537313866
30393261323434333533386164613838646164636231653035336561346239653463303461633766
34633237303661346638396664336664303437626138623362313137663262663061353433336362
30626238333739326164323935356539396635303537383936306137613430373263623239353634
65363731303230666232616139386332373338623036313931376263633838393762323363373930
36636230633233653937373639633939353238303237626133343862663032313961316132663030
63393938363161303836623561356235376230353033643738643436333237633366336434616365
66373431386230616562396133323966393139616261336362623764323461636462353532353262
65393333613031313839613832666561616231346461633963386465343730303738363833383431
66323465656663616633323865343563343563656435383635656436636233323236636461333532
62333666313035346431363961356233633265653064626231646434643330383066633137353237
38303962333831663266613831386137323633353330303063653731306561303536356331376663
3161
